0.08433634166294376
0.07596871086148894
0.059840849206680514
0.04882038135702934
0.04412068080924513
0.02150669498290373
0.013998040596384417
0.006926901732542857
0.009881833066026977
0.008708989893434764
0.008973723768880214
0.009891996345785515
0.009238232539446348
0.007689090642564238
0.008533384677691836
0.008593600398958437
0.01467876404835421
0.008832904430547548
0.008791842774558637
0.01139215133209236
0.00679025552106148
0.007317604549627431
0.007082358095815255
0.009191688943013601
0.007973983107073509
0.009159829956494597
0.009334010065808192
0.00787820173956939
0.007545142564521383
0.006911062632611756
0.011165685948354234
0.009038796643101917
0.00939599780762851
0.008486952963733483
0.014322258700602669
0.009659672998622451
0.014916981308438217
0.008920038676344891
0.012081477231146427
0.010144909457057883
0.00700005386678456
0.007744481857430892
0.005420431867437618
0.005978940686318511
0.006291025086882071
0.007533567201435579
0.009012461830675982
0.00648211925787591
0.00792088444074936
0.007013967663847016
0.007177335795200501
0.005170051470475196
0.005242434411881458
0.0047586796814404675
0.004369214932286187
0.0040077334289539
0.006445009846558728
0.008594696037562204
0.006680384111054432
0.0039210944181866025
0.004686603625450298
0.005053091556409766
0.0037691334558564173
0.006820207284141817
0.003966096801539152
0.005441396859027016
0.005184010205287072
0.004975853159346998
0.004316019402194829
0.004008175488131012
0.004768492550513245
0.004302166748957099
0.005591872216073693
0.0058036403657001955
0.0035513707632796945
0.0033877318971681472
0.0037423925968051836
0.003258737175619751
0.0032981642985100736
0.0018714589461560473
0.003552948662678142
0.0026455759616070785
0.003347111736576627
0.0021961903631681342
0.002155891551975864
0.0042924686607369094
0.005142328315510788
0.0037170966908068683
0.0031704480627101606
0.002615981640645309
0.0017716106275076614
0.0020169229130574257
0.0010626661631538009
0.0010133956293551095
0.0008462987624228338
0.0028429439457373262
0.004622639114270862
0.002014456756161414
0.002930669246615739
0.004855135345314828
0.0037505403950762388
0.0025485603576370966
0.004509170797402409
0.00211799190809608
0.0013680035164234023
0.0009271626978209028
0.00141238693717247
0.0014128096627748841
0.0008100996825697628
0.0022453585118378536
0.0005359138948539357
0.001364446942496484
0.001320626848939282
0.0019395210732033698
0.0007092426340868568
0.0014851137065368188
0.0005661737229833558
0.0006009979096715706
0.0002917535917332465
0.001135427492971727
0.0008898208219835742
0.0011329137077614028
0.000499960407742535
0.0008885036358044401
0.0006105754136816442
0.00015726196880409092
0.0010778170958761694
0.001829907267375411
0.0012943613976125004
0.001162797141752174
0.0009574703912720743
0.0007015759957908856
0.0010695065189027422
0.0006134651778358796
0.0012537092386720097
0.0005160549222521783
0.0005453238709045742
0.0008415086014996517
0.0003082048998611459
0.0007272819742445277
0.0011322567617212068
0.0023130190706327036
0.0035529784973770536
0.0026076982663630144
0.00356424039520565
0.0020768829943671233
0.002045838481239672
0.0017437324355272842
0.0032694424201249296
0.002700434842078226
0.002980612027427016
0.002040671092408904
0.001205639305745039
0.0014645670917121433
0.00291228373451417
0.003231043841776532
0.003078246881511908
0.0015034781016849549
0.0013353150557057659
0.0013169680778598038
3.900175904132073e-05
0.0010695601590720492
0.0004092705908355462
0.00038127636921885026
0.003301929741704168
0.0019616931631505265
0.0008326295231032824
0.0029714027652834453
0.0018972003944749721
0.0018109826545487117
0.00025353263461946846
0.00014728706030011827
0.0013562688739584996
0.0012997865144191837
0.0009503560544251103
0.0008728545546573394
0.0019356098174103029
0.0014369870343498177
0.0008551071372544253
0.000715478662826365
0.0002317049160621831
0.0008870264818713865
0.0011086954708667942
0.0005833105033223657
0.0017651500352470378
0.0006556801987752916
0.0008161961379293997
2.3894467415896954e-05
0.00014033879911056927
0.0006004234684008415
0.00029354376063777955
0.000863212097628634
0.0006658073149069511
5.939479268416112e-05
0.002924693671655237
0.0044435351417275865
0.0029650802659807944
0.0007497620464782926
0.0009550883509767792
0.0004247297051309064
0.003061483550390176
0.0018903904615730663
0.001532363571909632
0.0004245410405752228
0.0019876073595277333
0.0010245402061593947
0.0016298902054786121
0.000800064940841907
0.0009964784469526898
0.0014694899307455163
0.0018313194916661903
0.0011990791742103942
0.005038951526560156
0.005303298519854223
0.0012363637302129046
6.701268838174515e-05
0.001781730954392905
0.0018163675425753565
0.0018485999534877064
0.0024314554387647935
0.00383828042744267
0.002503023764365623
0.0012519413874780385
0.0008553831089993783
0.006097504108666543
0.0038991882468038157
0.0010347480213877566
0.002479565601683549
0.0034038801493765643
0.0013954816485452302
0.0018096200030645315
0.0008271555676415534
0.0017745824222718605
0.002432903183395336
0.0014322659035407377
0.00020732142089751143
0.0018538203992003628
0.0007576834626351633
0.0016870055080014
0.00026402127184762235
0.0014700372875142925
0.0007996064471324323
0.0008052242606111517
0.0026837677898884495
0.004394015379536966
0.0032413903955902474
0.001761118302275862
0.0018920925732433531
0.0007535924722628427
0.0006557229109683167
0.0005872318000399756
0.00017720934882799717
6.396159646553673e-05
0.0005790728451863589
0.001118123806715356
5.81409659820546e-05
0.0007962682688698501
0.0013940967571838294
0.00253246598655255
0.0005522192731358923
0.00034210629215080654
0.0002766101360405151
0.0020379588705738837
0.006276998243701781
0.005210972058481998
0.0011693519283059361
0.007716850744923483
0.002100774909039593
0.002149552319216214
0.00037505930390743444
0.0010961244207341365
0.0013275742503805637
0.0019680708456442817
0.0027377578008580057
0.012625070823016197
0.011737123647082801
0.004774963664748332
0.007806518883515227
0.0010133688030975055
0.001969238456983519
0.005502138154693767
0.002381066283832371
0.0005848448188708839
0.003178102584533993
0.00012805908262665736
0.00012372909124509513
0.0008577116099606401
0.0021333966145314193
0.0011582640217289804
0.0001713893631851173
0.004952351839097315
0.003692483879347584
0.0020369424974393978
0.00016915524277311508
0.0008188561552493757
0.0007732137599542556
0.0018293509650035979
0.0006095788092434992
0.002602352017579656
0.0005620556740569885
0.0005068224512061387
0.00040766808712850675
0.0011304477874172006
0.0030748949302231575
0.002968566834198866
0.003812496363506219
0.0016263749030075436
0.009992561945791444
0.004730941660368907
0.0009867271792682907
0.0038189684299467894
0.0014060369682131761
0.0019299199007171205
0.0015115627908243163
0.0003574589877658094
0.002279558044453092
0.0004891976864303284
0.0006544802973184507
0.0019971658701208143
0.006838852547763457
0.0012372941152018761
0.0008152146553372608
0.00022147921618668128
0.0017639635250171813
0.006106783440367967
0.0009805252175522292
0.001460191425403738
0.0021015477739386077
0.0016062110503951837
0.00162256664594067
0.001583664937576145
0.0006737862710826162
0.006792928298643318
0.006611217391739408
0.0024865678398160495
0.004914033154068226
0.0036119377839606316
0.0027491164724260607
0.0007109985073832455
0.003669092298713938
0.008796914102158606
0.006329179690574528
0.00031214448235230744
0.0006049595402506861
0.0012525078617752871
0.002723953510665077
0.0021282601191554124
0.004885833831658519
0.003959484893895939
0.0027986661878121465
0.002041949032316997
0.001893046177843615
0.002806356637842438
0.0014281114814389921
0.0006826728283518961
0.0026106794490703203
0.004605726121570295
0.001563041624946426
0.0021032624304852853
0.001006305300451687
0.007646805984128474
0.009188656189321728
0.004751352841528837
0.004525310388166759
0.0063651875115098315
0.0012227213664867782
0.0020652485237654204
0.004138989629976829
0.0024464685212066063
0.008824825951000932
0.005393931610953687
0.0029864901093006367
0.000604189005542679
3.390722691073843e-05
0.0033019025090420947
0.006434488990842223
0.003476524368935149
0.006589101350535038
0.004515211548771992
0.001362607316448092
0.0009177410239098842
5.390523066679776e-05
0.0019966210430245267
3.0043354086401252e-05
0.00036807064506941256
0.003540029207889944
0.004424180720218577
0.0011867655644114618
0.0010057125570111778
0.0008228105640418406
0.0019755178431473093
0.0003134895752931734
0.0003964832688152189
0.00811115613681273
0.00023930110371861855
7.4420208036048e-05
0.004008511011438388
0.0007173706485738368
0.004096221600420439
0.0012032128767547276
6.51580642602053e-05
0.0001735590892896817
0.0001789352819933161
0.0012255896956413236
0.0003705578301285232
0.0002542992191252544
0.0006001138597065069
6.225213207070873e-05
7.002268214712419e-05
0.0016174155311316704
0.0011276454373831013
0.00036583449624134434
0.0003003239995371486
9.520146788594135e-05
0.000293364971986263
0.00040640804947644467
0.0020136439555465094
0.0008327734627018877
0.007726228872760897
0.006840090131472891
0.002447311163750708
0.0011479237555953835
0.0019003327713654158
0.00044131964365978066
0.0032388689117724997
0.000722560839228601
0.001381496388946704
0.00022728222081677584
0.004259904926010215
0.0013699605367794192
0.0022599077506735518
0.0005338833835073035
0.0023092782314260056
0.006345131720430339
0.00014752456284795136
0.001414557082893831
0.007294119925741549
0.003258159034630039
0.00019070791396124217
0.004100788543489546
0.005708708512408086
0.0019343570892017823
0.0010693067441493549
0.00731729266862473
0.0004500658161524452
2.7936367805162915e-05
0.00017860428351886603
2.333330064909952e-05
0.0007866298962152885
0.0019177896260821493
0.0008012015998874279
0.00042743558928151875
2.652854556105732e-05
0.004209807223019476
0.0004931493449971144
0.0019556550231371096
0.0005383212665925224
0.0008350629662845584
0.0003226625156689181
0.0003322191437036126
0.0004519434368898701
4.092478380388117e-05
2.6854194701405925e-05
0.00011960048575672084
0.0004174060860338241
4.6303099077248705e-05
0.0003090373134451178
1.0836185398779517e-05
0.0008424146097893197
0.00011696446559256438
0.0006569955621075049
0.00019796416650986435
7.830563063603936e-05
0.0005592676403446767
2.046935822991175e-05
0.0001237612907465031
3.513740987164787e-05
0.00010481760921586409
0.00048415878710184393
0.00036702292301222844
5.1292254684631535e-05
0.0004141636416136572
0.011052347456456182
0.013126644661633356
0.02882046229410202
0.01702348847097517
0.0018210352951979903
0.0008551190067143619
0.002726360163629079
0.005080109575883262
0.0031462289858254187
0.000761459693584676
0.0016428013542951294
0.0002869815845437429
0.00018399771392027994
0.0005196263747044676
0.002160401968909723
0.001693062094689934
0.0013647125121418306
0.00019382358939548208
0.0029883933444749154
0.0014550658240343965
0.004234347996378482
0.00034326761501615326
0.0016358374339404682
0.0005192632468203705
2.6725038377589476e-05
0.001729579957102327
0.0018954162283843585
0.002005684836737497
0.0005337848160073468
0.001331700831250821
0.0016222524583094145
0.0015747333487213914
0.0018089692011420016
0.0028201911042583802
5.441940511379945e-05
0.0016321781552648298
0.0023065671488485115
5.232415830057316e-05
0.001250875214102593
7.846602093224322e-05
0.002520230009657375
0.00011627878993026066
3.49097695486168e-05
0.0013211983952549021
0.002284717994818663
0.0005731468285838714
2.5689649320658494e-05
0.002178089423916112
0.006691171069190119
0.0015279435236115445
0.0005712301615549265
0.006952461401719086
0.002878484355814842
0.0017127767986357945
0.0009134143922336664
0.00020897642476739453
0.0015162864730284224
4.7471330418050126e-05
0.004657900869339264
0.0006933568784381024
3.6270635239143585e-05
0.0016464849277868995
0.0007036647702356704
0.005829526706564024
0.0018227014673439863
8.852390584404418e-05
0.0007270820861775273
0.0014024100935698116
0.002087597425324051
0.0019501792089870833
0.00013495663433130681
0.0005466069493070527
0.0003094889146427367
0.0014008159204531472
0.002532173065521836
0.0007137512189282205
0.0007138952489319613
0.00033543496950916296
0.0013868959462350978
4.156824280530562e-05
0.003617287102303285
0.0004646716940578355
0.0014360369204170114
0.009347151867154208
0.004296582039967272
0.0008310444065692506
0.0004968948899470718
0.0005010442791246893
0.0025137655563442934
0.0018537063593017534
0.00010866367590752818
0.00029711956619967334
0.001716917576266076
0.00534063839737974
0.0026983717597886428
0.0001721591972347332
1.112784301152852e-05
0.00029663962697595126
0.0077246259660874155
0.0010552779982833471
6.660130503731222e-05
0.0005095631334915502
3.3763583157938044e-05
0.0005867004563702305
0.0004612361315495488
1.7320050534981487e-05
0.00027490558802673027
0.0016084468498086043
0.00011298200379694106
0.00042079816623007236
9.546335973752715e-05
5.25415199143712e-05
7.674846687455526e-05
0.0002795304067492098
8.958805894911547e-05
0.0008044360334143317
0.002880874008605529
0.0050779167808595845
0.0015455667812582319
0.0122770469390301
0.006514634488855516
0.002130322147729741
3.598777574037814e-05
0.00012263961777561359
0.0008124278607155594
0.003326504453318266
0.00194816960613847
0.0030690220503177415
0.0037035970170760132
0.0036435085906650934
0.000148077591461937
9.520667831518117e-06
0.00018696793135101328
1.3937040180980846e-05
0.0021208913633168187
0.007730237100886548
0.0006749784718851246
0.0007401856345946296
0.009075388538042172
0.002132617184697324
0.0040027560919712645
0.000990809182804302
0.00302445854906417
0.0005637638989687128
4.8569835124928184e-05
0.0007562536695883625
1.379634016296273e-05
0.00039798042156903915
2.097421530253443e-05
0.00026580780832780065
4.1011080887119015e-05
5.184566415498066e-06
0.0005856832386643987
0.0008734292855802505
0.00030703348974480934
0.00033876698747748244
0.0003098827626271653
1.6965635302858837e-05
0.0005175875080336933
0.00027639969139597306
0.0002541572471918096
0.00026227560316000167
0.0002577145017853807
0.00014391445989048944
0.0005617429682570477
0.0002632680880424839
0.0005134420077809314
0.0005067635425450381
2.053156642636694e-05
0.00010192649848325202
0.0002756122431042531
1.1412092929435599e-05
6.804074789978241e-06
1.886547192640823e-05
0.00027820967239913736
1.1336770905377553e-05
0.0005362342145517858
5.533727979742879e-05
0.0004850213186440212
2.2916774361923866e-05
1.4594572008466182e-05
2.1429783225236475e-05
0.0007342215944066704
6.519581764325895e-05
2.5726340044921527e-06
1.0785109743944085e-05
1.102628078755295e-06
3.937701085685878e-05
4.011329796181118e-05
0.0003050080759229822
0.0003105033294284017
0.0005081763372015537
0.0003755772216830271
2.6947526301274732e-05
4.350651956840849e-05
0.0003640018985863553
0.0005374114230264029
0.00037734570100893863
0.0002788588612928703
0.0003048880378174134
0.00703771571914292
0.0003446148971913823
0.0004049442356947527
0.0005373284892190062
0.00017001111095846854
0.004347502308572114
0.0010785377657194632
0.0003676159470322632
6.639007952182883e-05
0.000582860775331237
0.005063046736811236
0.0012125483106472617
0.0003485009081670554
0.0003113335654974482
0.0005182313142116513
0.007910500085108126
0.0010043474978457415
0.0004885635948941048
4.704823884113614e-05
2.0822732447669077e-05
0.00023520521643937434
0.00042440898464570463
5.906324237223277e-05
0.0005117863699253257
0.00012445180486429842
1.2232688388051017e-05
0.0002683099606878838
0.0006068553000842439
0.00038952654562602094
0.0013389360117238695
0.001945304125002333
0.002368672103106432
0.004806280339582825
0.0024962118945444493
0.00035634127814917327
3.689490393328661e-05
0.0003040177671779286
0.003836912193175862
0.0020818337253348204
0.008330030052139262
0.0002769050498039068
0.0005179222875220545
3.7745225620306474e-05
0.0015648367333322712
0.00014307623784846514
0.0034243554402958046
0.001770518140316333
0.003823799817962575
0.00030662119278007666
0.0017843913784451443
0.0020940234429205206
0.00039232286378413094
1.3443907800301292e-05
1.807071770848816e-05
3.9901974502392453e-05
0.0020449720857217578
0.00064865965148494
7.290526941735273e-06
2.6183458647531483e-05
0.0005428171214083334
0.0013516692922361912
0.002400846069801735
0.0011519401419820194
0.0024280202101875973
0.0013367136442703966
0.00032781251407712085
0.0002764282735082163
2.9169669533022202e-05
2.2560107610099523e-05
0.00017617575731862083
0.0014085958266843244
0.0014279527123281833
0.0003746467104866788
0.0018595599287885775
0.0007402041379581057
0.006738464339732688
0.004034740858729766
0.02385859931904023
0.002698607907315746
0.00017313467458985216
0.002556105193195305
0.0010638174918544332
0.003982441712785412
0.00037567701895416765
0.001488062449791113
0.0002714813945715269
0.0010461772137029634
0.00030526368307897783
0.0002728482888596952
0.0006606365000313174
0.00040828657252794606
6.0522743832033796e-05
0.0003842842040305953
3.66654899790977e-06
0.0002860361204586823
0.0006935784588194254
0.0006304168716571972
8.140030027147879e-06
0.0002718204664699122
0.0002641894266853002
0.00025852523900889754
0.0002709812185736628
0.00031961724771297997
0.0005101101207804136
1.547582489529393e-05
3.772101833978211e-05
0.00026286651358786516
5.972381673384454e-06
2.3637504378555558e-05
1.8547105948145538e-05
0.00011105358334733495
0.00018650043640558206
0.000273146529107802
0.0002496535294842096
0.00027609215795959226
1.1544246106511147e-05
9.714588508267994e-06
0.000499829731894094
0.00022846287692095536
2.3673157702918627e-05
0.0004808767032315012
0.000529966635027282
0.0002691899803757989
0.00044781241935920417
0.0002754628080844121
0.00025941311558843623
0.0005159536682522693
0.00026580788156964303
2.4190232608956447e-05
0.0002957736206170165
0.0002612613775614219
0.000259420608464752
5.041356080312338e-06
3.7766796264122664e-06
0.0005151337128557004
1.40204038298726e-05
0.0002563560773345699
6.979888945152053e-06
0.00024961230738124347
5.118021809681454e-06
0.0002572872007430536
0.00024421014324846693
8.740191131858163e-06
1.301279713914074e-05
0.00021527148886194738
0.0002898799383690205
0.0006494169074872199
0.00011431682319847272
0.00026553972909656705
0.00027728876204702194
2.7562622030610056e-05
0.006167504385094808
0.00024295374373063214
3.577099357283758e-05
0.00026964509685218203
0.0004597711684868711
2.1856854554983924e-05
0.00016531420341693798
0.00040503083271122047
0.00999662788471147
0.00265670743284716
0.004200212265727083
0.008359441782270416
0.011684444937608843
0.003207740269477465
0.00044560228213737284
0.0015454134430540139
0.008759998630798214
0.0036685505616683633
0.00031444769288347036
0.0008176440655081914
0.0003017186766506228
0.0013680834363265736
0.00032369674909404726
0.0002653095117072173
0.0004833280120084202
0.0021434407176808136
0.00024401800263842226
0.00039999572768103375
0.00037725409001079633
0.00031000629047498205
0.00027422131233120306
0.0006489728999990107
0.0008403165531636997
0.0034108011966310914
0.0001770825568184725
6.264672147978676e-05
0.0042845986556993634
0.0014970984052372297
0.001157659491983478
0.00239589321460811
0.000553779339644549
0.000782996910127403
9.510823032777259e-05
0.000799979861095965
0.0015791917086222615
0.00016429514828031913
0.0003177718843051283
0.0008583833104571238
0.0012325340447753529
0.007701872436689289
0.003754431484334573
0.008450823080444805
0.0021288663406366396
9.595967190803051e-05
2.5131750122520167e-05
6.783335227487917e-06
0.0003343411751407961
3.337013821056779e-05
0.00028521037916557035
0.0004006035196516703
0.00026420239816648736
2.8294309064879297e-05
8.142415394283696e-06
8.893821138279432e-06
0.0005633471083681837
1.0149804166924256e-05
1.6399124618381817e-05
4.869274998468404e-06
0.00589489863520361
0.0017468967688867227
0.0003714300496182021
0.00023732847263315698
3.0014973699485567e-05
4.261231616639165e-06
2.5580485670949047e-05
0.00045467842888938194
2.2936653755894792e-05
0.0005389816046617839
2.6942833945014462e-05
0.0005320874675035814
0.0002616866678283845
1.6997465120563622e-05
1.976325060722879e-05
0.00027656080909285464
8.647698547957572e-06
1.0131135305334665e-05
5.318433942206956e-06
0.0002425473617849115
1.4600052984740299e-05
0.00028012526704694905
0.0002733130481124876
0.00038951679234697093
0.0006878093366465112
0.0005533364454363581
3.612214533112109e-05
0.0002637195153482678
3.206189428537863e-06
0.00027019566252453045
0.00026599835182675413
0.0005072467429422365
0.0002600474086722695
0.0002569582015197628
1.7073059214022216e-05
0.0002661804863574982
0.000258289559366231
3.444681383703633e-05
1.677773300832531e-05
0.00025643311738959856
0.0002604254913770724
0.00025938655635705327
9.316307764163182e-06
0.0002593368238646548
0.0002456623095847915
6.924051936047518e-06
0.0002590276307832666
0.0002513602452672719
4.12275829559823e-06
0.0004839640674115518
0.00025312300914483355
0.0002677321324057985
1.6740072655612977e-05
1.3925307696074013e-06
0.0002518475377865325
2.0666860808993525e-05
5.7189949840204933e-05
0.0008308386759684615
0.00045050933314328236
0.0002604538100767721
0.00016135339743982734
8.107859619745811e-05
4.137624601199437e-06
0.0002135640635192116
0.00016752339735854233
0.00043069757830900524
0.0004377196980527554
5.454038389779888e-05
0.0001230427671800421
0.0008475256186448227
0.010250277660191367
0.0035889769785031112
0.0025680028126281495
0.005195098274733853
0.0043908099668138025
0.015934861858604394
0.013569307321807904
0.0028602568525618144
0.005392735569240763
0.0003490647959991067
0.0011759562242955335
1.792543595740738e-05
5.113282423505597e-05
0.00029145831245200245
0.01089876712704796
0.001058232802401831
0.00012714156162685537
0.0005215134593760344
8.188771802408413e-05
0.0004345642651340291
0.00022777682755120335
0.0006695573823311594
0.0019629004287610354
5.497516986026472e-05
0.001600764634512386
0.000332591719334253
2.8717004264637163e-05
0.00026545521215871616
2.362248593396065e-05
2.5794040689067503e-05
0.1045113193126557
0.07681300103899265
0.07620883897343464
0.06852475778953146
0.043428586591447486
0.049563626813161864
0.040670426056757296
0.014959776446309565
0.009833851345657948
0.007391198581247016
0.008151964525672994
0.007187317645165172
0.011264671513182665
0.007621188526832267
0.010273698824529987
0.007110679022173448
0.009021754695780983
0.013286181394325072
0.006868787965375331
0.009261680778072384
0.00992749832751229
0.006213809398297824
0.006376780881939294
0.006818010585056281
0.008426830004686041
0.008179818844649255
0.008589922082904355
0.008976167665220842
0.010617652479517943
0.009886130170430838
0.007210438259527242
0.008620865622809585
0.013746847250785567
0.008829150670780371
0.007094607630125494
0.006913233388088888
0.00588751481494016
0.00641605028239267
0.006380920813425284
0.006694147959225949
0.017336519958235003
0.009316926837148512
0.0071271546063427565
0.006802925691939675
0.00676158158362049
0.006763006474269889
0.007672429729143177
0.00734744150532726
0.009247119131016442
0.012465751875979625
0.01077277941565016
0.0073221197689070745
0.007285189478334426
0.005942120658064652
0.0061687114457347845
0.006546321707389342
0.007012497716381592
0.006076734114507329
0.006213182686912243
0.0061158974794279855
0.010881673053235372
0.006725735223428066
0.007272132311709341
0.0052633962245365404
0.0035723615018643908
0.005834545195555705
0.0042764350671758
0.00282707907338979
0.004390451012114788
0.0032881253561978913
0.005292320409687999
0.004274542491620584
0.003027587951248298
0.003543325491690074
0.002845130225777973
0.002637763010603421
0.004117625594116343
0.0032270736283049953
0.0024234690905719928
0.0013556945368044047
0.004454877405070188
0.005748573105707151
0.0031899426843472853
0.004010578812401879
0.0031005775521340782
0.0016617439433374182
0.004625027431161205
0.014557345478379067
0.007025381925214963
0.0050066917479859785
0.003306347631284487
0.003391580058190746
0.0020092613143284804
0.0032734289251186606
0.0029465303752623843
0.003710568284628435
0.004320897261549709
0.002223068771646878
0.002576767049864452
0.00286531389987324
0.0019454249636331152
0.003052331328560056
0.0015456193649581072
0.0023290007135604402
0.0011136640376864751
0.002089113021027805
0.0013067448965715042
0.004141298477436389
0.0035209664687629867
0.005097708250612796
0.0013276651997676425
0.002593173963625376
0.0034990570251297094
0.0016543256882000782
0.0008475457035868423
0.0016134060904592564
0.0013946322596215782
0.002924568200689284
0.003043262482328669
0.0015298351493888127
0.0010893552717515212
0.0017606086646501492
0.002274961064370764
0.0029895267622603015
0.0038343630938052933
0.0023954204721082784
0.0023306919719189158
0.001975228466566544
0.00038161487809374546
0.002118611221535418
0.0010087546874982547
0.0010981103211665988
0.001264880736283967
0.0017867606788103498
0.0009925396697283207
0.0013606574889935016
0.0003630755150912324
0.00037626738794499216
0.0015744203621558418
0.0018982146032757885
0.0011414007179892723
0.0020058007449485905
0.002381792286369917
0.0020467430315152155
0.0011435888192529292
0.0007271752245506075
0.001661113636904471
0.0005533260880698437
0.0006277284567414153
0.0008460336671148397
0.001315317027492079
0.0010144061786152337
0.0020886364957037407
0.0009358812611737057
0.0008495423629748486
0.0007178422056415236
0.0015461778291644634
0.0011953507846495404
0.0020206974032431833
0.0021126071322561026
0.0032478341846896583
0.005687141855593444
0.006267118965120284
0.0070161695691763415
0.0035032643291796313
0.004051824633101347
0.005085980627224529
0.0020477509995711833
0.002126578271429315
0.00504790169994105
0.0007775831884981729
0.0011664166077991471
0.0007102441421604972
0.001412194146467912
0.00036699420411398504
0.0010892356788491063
0.0007506969144922694
0.0009037488448872429
4.0748418774071515e-05
0.00032282113128957274
0.0003182254196647775
0.0005371113047232236
0.0009104169126824344
0.0011471935102189649
0.00025209124158561097
0.0012175637414357666
0.00029674977131824784
0.0002144626884294695
0.0006433827241979688
0.0006266987403409604
0.0007139570712159755
0.0008811436335791754
0.0023357063958627357
0.0008614138793356914
0.0011602483180214154
0.001352396582892406
0.0008207419001207607
0.0007985140461501412
0.0013932397908607388
0.001544399964891093
0.0014495590527108496
0.00012107351227614307
0.0003454771103974683
0.003605385824883903
0.005167492952031205
0.001782084371377165
0.0035126786843991294
0.0020978862256084752
0.001159391027398118
0.00028220217843800185
0.0011220116596162082
0.0011638157190784336
0.0010875305792104738
9.157346115928104e-05
1.5869849723957372e-05
9.089079554309671e-05
0.00019236290808420504
0.001643211627289902
0.0004884433234664376
0.00013367498559801235
0.00032327161575837357
0.0006134086904636462
0.0033227763622027105
0.00831098015099042
0.000582499536316498
0.0020603669839824026
8.396599722392622e-05
0.001594853552299039
0.000797986244898763
0.00010271588487509175
0.00019857658173109258
0.0007000897974709532
0.00017267326335343395
0.0025879211076432138
0.0014928287328621487
0.0023224245237035658
0.001976058435068187
0.005048619695706622
0.009843416200529568
0.00776244080737338
0.011229974628515414
0.0030044082587134
0.00396963125458709
0.0038972665007564523
0.0033832074698780146
0.0002453638112590453
0.0002999101691075126
6.365263147877259e-05
0.0012021095444759266
0.0059124050243472715
0.0007436363070283952
0.00012074102807667079
0.00023900427666776969
0.0015633852667795804
0.0020757992619975674
0.0003419749763170376
0.001268059420448867
0.0009044370091228234
0.004082634864013076
0.0032431666044795415
0.0009986711279749503
0.0007604994689541616
0.0018285621720445955
0.0015517346121193677
0.0010907412774512847
0.00235551777548372
0.00027031450511092646
6.628608526714585e-05
0.0006378304357282347
0.0020246882341274294
0.0052497195915978305
0.0003589927881429421
2.6987893117216096e-05
0.0005357550292382058
0.0001363897575859778
0.00018173007457985597
0.001755185776140184
0.0030185003035232577
0.002341547503709732
0.0014869249812812096
0.001870992421844998
0.00034604210528956983
0.0018533375451292866
0.000661553449997826
4.034416039683865e-05
0.0008967084655023893
0.009704135224626608
0.003700852615774872
0.0024949348334775763
0.0020115864212793795
0.0008502043948941381
0.0010581204979422459
0.0008401100667425545
9.259490327355297e-05
0.0002505359630854974
0.0008516721116698826
0.004227759817165772
0.0003407446661269942
0.003779061179048323
0.0004750187739861027
0.0017154548852933685
0.0011868991028877323
0.00015360172713900437
0.004728313018258242
0.00126792783407736
0.004292233789834903
0.0028336869940830955
0.015693167029585443
0.0017845283488981437
0.008867367892416713
0.0023797786475675117
0.0011221988411665785
0.004180880287883506
0.005417123536676812
0.002847300479421736
0.00023360016797211724
0.007357288081571321
0.007165889750644131
0.00900582840991739
0.005839017089450701
0.0009119577037128014
0.00010937238299355485
0.00015747496718986377
0.0009002504872460709
0.0006262623342653818
0.0015061366171488905
0.0017866335811386083
0.0012710051116226913
0.00039389909098334344
0.00922837072309474
0.009434863149600636
0.007596542732539498
0.004791534423619138
0.007251967340487818
0.0006465212019099498
0.0017819391610880623
0.003142516746235282
0.009536724409879512
0.00410452002601331
0.004768807581646403
0.0019288169555565509
0.01043186342770656
0.008926996504928567
0.0025486422252562436
0.0021219614414964487
0.0016770083909743484
0.00033208626244064495
0.0004667852162856005
0.0031134247309440245
0.0001308460941047051
0.0018200256122450863
0.000988768522394918
0.0019629670893549452
0.0016426679092485454
0.0016800339910766487
0.0008276915452849261
0.0005109931620147736
0.000984218247839327
0.000476956412288571
1.0566456552992775e-05
0.0006898067102342509
0.002159958999993865
0.0004222196920278701
0.0015901144961279346
9.647246360149703e-05
1.7749520706907712e-05
0.0015517788046182032
0.0004104499870654899
6.217772419954106e-06
0.007436128730405006
0.0009047716063964953
8.473262423280889e-05
0.0005053421502712404
0.0013969981431372254
2.5692209253244907e-05
0.0015618125626924175
0.00023998514318115084
3.6238426765187894e-05
2.72240397676775e-05
0.0008688208893089311
0.0016965969645417126
0.001956918605877708
0.001982625465585047
0.0002500257209795623
0.003044274255177959
0.0001024861791936614
0.00034044460257409974
0.001344121234131431
0.0010723583919155324
4.998320139602497e-05
9.494906706665489e-06
6.126579334935055e-06
0.0017137487635767248
0.00010318289309764951
0.004798153676842853
0.010007479608263477
0.003398070920004824
0.014922237020688402
0.009058445841932411
0.001524824967443586
0.0016087768057183123
0.006045590767945267
0.012949114281308294
0.003060276056666523
0.00752578125706436
0.0015235721360888806
0.00235275756441861
0.0004341657098145932
0.0015206054074132463
0.0032213339773254713
0.004044748643828378
9.859190310004146e-05
0.0016473931402573494
0.0004021437699868609
0.00037256528809373197
0.001388671047540599
0.004948085783261546
0.005887919401642349
0.011470770812724766
0.014365620149052535
0.00445003826547144
0.005378368803365869
0.0029700779951200773
0.003226632137384143
0.013211927532001387
0.003044669054173686
0.0034780576898389938
0.005615243163755225
0.0036254611959761897
0.00033409627139917574
0.0006882148009683875
7.058673555144529e-05
0.0005409957071510586
0.0003022849227283689
0.0005321225307108932
0.006163957683965456
0.011193740951644946
0.004832006718027281
0.003072180632946584
0.002052792639534402
8.42242889075129e-05
0.0038705016391918277
0.0019926524607668016
0.00174316929673332
0.0001009657117307985
0.0018491369780446244
5.161748794241554e-05
2.2046778859064973e-05
0.0017145397014237279
0.0010765297796507703
0.007594693416988363
0.0022932662723124343
0.004408380655450819
0.001123992599689627
8.587560710235266e-05
0.0006539743367795968
0.0002629811918629801
0.004760379352162598
0.0014101447854658067
0.0002883677071423198
0.0004194707189368775
0.0009204878094031678
3.042775136557722e-05
5.1082576065830376e-05
0.004055175667924905
0.0008386100236865355
0.003267339659578438
0.00017933945219555353
0.00042932367295120296
0.004533339855766545
0.007406563919151397
0.0005637487540089983
4.6999450139943015e-05
0.0005685674497064088
7.697288464829922e-06
0.0012852141039025045
0.00035414369230408555
0.00026769054071300606
0.0053431799431566595
0.0008691144356490584
0.0009437790449801991
0.00028344803089829553
0.002053037453851474
0.0007693815872349554
0.00010554521168864316
0.000515718256632808
0.000628762097045573
0.003185580628286332
0.00011813799507642832
2.755655899987349e-05
0.0018697348773728353
0.0008468214871273
3.492664423669654e-05
0.00027048492708341956
0.00027113993475517387
5.185367510508217e-06
3.5246223178010882e-06
3.8949627264725556e-05
5.7264715746283286e-05
0.0004657744183591147
0.00129435217937055
0.00018875003791118215
0.00035884983815197627
0.0009791768967547553
0.0004498739161332976
4.163774483155995e-05
0.0005862395908071995
0.00020922095927859642
0.0004962883869941242
0.0006629880654719913
8.328085038720437e-05
1.0825082855726939e-05
1.648107988185631e-05
0.0012778456810699662
0.0004817377333851289
4.044915512796402e-05
1.0668209140181048e-05
0.0014403155894073996
0.015158801119495543
0.0019996739442957635
0.001068218548172104
0.0028091071146083384
0.015976488642968707
0.012275848193729792
0.004456743324697965
0.0003857036774955139
0.0005501766113155244
0.0003711492701924609
0.004659155588154147
0.00023687118567121632
2.417706226724812e-05
0.0008178335293054651
0.0008704598189250033
0.00023105657569934723
2.7671571233604208e-05
0.0017915059951838098
0.003261386057605574
0.0003289242780450389
5.51558179882962e-05
0.002401847436177137
0.011205497846900073
0.001589467593712897
0.00746875514844649
0.002191517970077278
8.03636318283418e-05
0.003030621677328813
0.001421266522268762
0.004166850664885346
0.002411248626489049
0.0011911715504616277
0.0004772543823723919
1.2579108625085233e-05
0.002551714053043935
0.006581946436923259
0.009867295759429852
0.0021018550734221496
0.0004528843933221908
0.0019868939075390027
6.732462065559076e-05
1.3263043705017764e-05
0.0013824601951349595
2.782622739602229e-05
0.0002885025398198313
5.333576367816764e-06
0.0003536328298875115
1.421229478261662e-05
0.0002862730932982884
0.0001430627074642152
0.001326710949856307
0.0003598317264144813
0.001009231016211278
0.0002449503438420106
0.0012586683457935827
0.0004610993948189084
0.0001478998333275898
0.000330331075141541
2.0861332298739197e-05
0.0013760793891963426
5.384693823372247e-05
0.00092778195636152
0.008881839207507512
0.0013514076907819809
0.00010403541991376733
1.6709427316518076e-05
6.657364395703005e-06
5.7872791372345846e-05
0.0018751811312207238
0.0004159217551242329
0.00021493672711491108
0.0015897981940081987
0.0012401907602325307
1.8329400580509867e-05
0.0015307973516255386
0.0009445022948415398
4.412030500075823e-05
0.0056837918411268085
0.015148025828120457
0.0034097554059569412
0.008701167481667861
0.0009645773366084048
0.00024101380628928126
4.5581456008669196e-05
3.002942804187065e-05
0.0016140670870523378
0.0012886568020699038
0.00021934519284695539
0.0007574618575267913
0.0006849412708909369
0.00028645115294083796
7.47067583581576e-05
0.00131194811271898
0.00011033088617876356
0.0004764953145145083
0.001288268996718693
0.00011182666915017664
8.64828904546035e-05
7.584819239121969e-05
1.4496663608635689e-05
0.00207652600091695
8.06303445257474e-05
2.2819622780079334e-05
0.003907544903925699
0.005750100219654906
0.0015986322303887927
0.0040884862173836975
0.0013293854202534319
0.0008209157347445325
0.003746394302300777
0.0001807859961243207
0.00011650969265458429
0.00028506323482465663
2.9776749023491635e-05
0.0006647478280979526
0.00037987558874594295
5.929059595477168e-05
0.00035094491214932233
1.5923560888830295e-05
1.1293662083357884e-05
0.0005326439274470553
0.00022671563633065763
4.875216332456948e-05
0.0003074965047022233
0.0002636049000650159
0.0012684764402333003
8.800520879486978e-05
0.005179493699072915
0.019457629858114715
0.006632552342763206
0.0004576890672635273
0.00010061721557457569
8.632129991922525e-05
3.6608292844391246e-05
0.000495185213333012
0.0014085582821791048
0.0003026880177121557
0.000350327403800651
0.00030575703771402936
0.000715535490536973
0.0012574386398779996
0.0004307482335002561
0.00027628438401828246
9.129218490438834e-06
1.759467606755453e-05
6.426408494520046e-05
0.0006046396985651271
4.175317113983573e-05
0.0014352231817078393
0.0001373430176305187
0.0003080709669461555
8.245806123269e-06
0.000328037687881313
0.010817231701834176
0.007565038316126563
0.003916058666962611
0.0014944824687620252
0.00011453833452685028
0.004299502155305076
0.004501499012610269
0.0077590525495738905
0.0021761179330815135
0.0004597309206521288
0.00017378053221801226
0.006641815555125572
0.0005413830922178625
0.003513673293883092
0.020876013711734757
0.005921869846169965
0.0016291475517210478
0.001265544813010509
0.001795003565463291
0.00035605327490563943
0.0012794499817273487
0.005771889092545927
0.0028512990398404806
0.001762709211545235
0.0009244155104510474
0.00038550742956235774
4.0891836262344886e-05
1.2057228274229565e-05
0.0006985467323517728
3.354909333631725e-05
0.0003598979619786339
1.6878555277207434e-05
2.101332482834115e-05
0.00038111769633788437
0.00010555898935664166
7.078609356514134e-05
0.001384932790800671
0.000137639723313711
0.0008026192908809233
8.219711566525798e-05
3.09971108963009e-05
0.0002964166894730367
0.0019243310358145389
0.0012306067994005796
0.0009801557187526946
0.003982859122408745
0.0002447975624091104
0.0006329510837678515
3.6396251585727554e-05
0.0003419285094945977
0.00028756366759521485
9.109856356818677e-05
6.8487671770730035e-06
0.00034911145029698924
0.00029428746858244033
0.00045844745857910114
8.106288425469847e-05
1.2749148205866998e-05
3.747174863824293e-05
0.001468858635257903
2.3968133304165688e-05
1.5176506532877583e-05
7.738271315865216e-06
4.982189284663664e-06
7.369470371177184e-06
0.0002634479261079372
0.00011723658262268709
2.0434475782819495e-05
6.423105593587006e-06
0.0011102445805170364
0.00032870803883880016
0.0011052301347475016
0.00013182883337849058
0.0002874469043332419
1.5133934326242477e-05
6.415151550669642e-06
2.3668684565046398e-05
6.282618714190821e-06
0.0011512739724002716
0.0008601675905223901
3.8122559367857865e-05
2.0386210343604267e-05
0.00027223663738065875
0.0002830641339712315
8.0134209591868e-06
0.0010583855514506159
0.0004286111445738869
0.0003151619030178833
0.005896177239361163
0.007917084813870694
0.008444086899005379
0.00024967778133502236
0.003927852697257919
0.00044247646802826845
0.0003168778699070646
0.00039739141228095095
1.3776899003603748e-05
1.786230262764128e-05
0.0002752799097844854
9.207012964638955e-06
0.0009054088964995141
0.00029629245258546994
0.0007217269244144961
0.0016124209808900235
0.0006369861710222895
0.0002752210389964639
0.0009690231112198607
0.0009588050919566849
0.00137840885321246
0.024094337561713784
0.017839675434945915
0.008051783152574927
0.0049275896538190575
0.005494000834295315
0.0007442297338396779
0.0013800920833341988
0.00940509887040217
0.00032312945062342704
0.006340895271106629
0.0006199277979764418
0.0002308676597335805
0.00021046065732642182
0.0017339732691025605
0.012238291285270332
0.0012377749000328446
0.000319163137678593
8.325473240426446e-06
0.00043612916825366886
2.0702787426379735e-05
0.0007517690866741004
0.00034563320977912737
0.0003036085158087931
2.2252872795434758e-05
0.0006334413493769574
0.000528709811704018
0.00012389309424074943
0.0038199651386826576
0.0004061001187780579
4.448987279587348e-05
0.0003789161186078407
0.0005006564411612561
0.0004131334693563803
0.00012536376788115352
0.006542696552782445
0.0023651415235729683
0.0023919338193772004
0.0004881012511743039
0.005569991514219931
0.0016876067685634587
0.00010951390429382005
0.0029248523032999103
0.007803744424209044
0.0006123976922537254
0.0033483990238465746
0.0004509406677300098
0.0003017062761461022
5.32449626074513e-06
0.001154166970663322
0.00023447203659813904
0.00042349181690587667
0.0001576814801819066
0.0002706423595522971
0.0012982660147887696
0.0009946846984469826
8.75643630685722e-05
0.0007858453327123036
0.00016916853350831717
8.315351360286738e-05
0.00031731289938475416
0.00027038430850206843
0.001201027386310095
0.001373847817217777
0.00015797598072969532
0.00042625409732453834
0.00037692752867579145
0.000831895828636937
0.0010722904030143908
0.0004816028441693349
7.630633931992246e-05
2.4372620991105685e-05
0.00029723165227013874
1.448272128055268e-05
0.00026579447774960704
1.0963875998829602e-05
0.0002691041203770229
0.0006724618166838735
0.0032530082358321146
8.892521448183017e-05
1.1437190288228089e-05
0.0008226339814308956
0.014634118478048377
0.0038718099673915765
0.0021132737675979138
0.00019636384755641686
4.103695683524298e-05
1.6140053490135062e-05
0.0013478253454162112
0.0004969061591808598
4.574526679933325e-06
0.0008460657548118554
2.7513077148404024e-05
0.0002630471230723378
0.0011279746727780788
0.0003024777697021405
1.0524753302662801e-05
0.00010859657795783536
0.0011757989642627205
0.0005299064813837134
0.00039429702315398627
0.00014158108064509276
5.6787284641788686e-05
1.3467176510688088e-05
0.0005323720531089624
9.859601969130223e-05
5.958874597396609e-05
0.00029210182601874436
9.533181896876916e-05
0.00027926962482365496
4.129076597024766e-05
5.47707900420085e-05
7.044223057268344e-05
3.139056354791029e-05
0.0005297775261547558
5.874927307185907e-06
0.00026008139378521175
0.00026738298821507724
4.981870050714173e-05
0.0006820796237831247
0.000357402107563101
0.0002276718978610605
2.2475121088149918e-05
2.6827566531739885e-05
5.542372852285503e-05
3.443851422746744e-05
0.00013278065121498958
3.8338670674973976e-05
0.00029829402829473575
0.0013771077103087637
0.0007032048363921742
0.0001240269092465488
0.001161659742033215
0.00067647652228737
0.00012230478552854217
0.00155936411958915
0.00016145354730596066
2.9701429700900166e-05
1.2539082495698979e-05
3.365024883059624e-06
3.889319577713971e-06
0.0013943781677478917
0.00011152311203088882
0.0004439574227016727
3.0053791878256746e-05
2.8989763559055952e-05
0.0003003072176164943
0.0017994583039482807
0.0009150624554787364
0.0005271617593735138
0.004347128704770583
0.01795941533478671
0.008271110704943829
0.002979858358298404
0.0002941942614800044
0.008388593640837215
0.003773895897464706
0.005333230555652264
0.0020312327997045773
0.002357413851754428
0.004393717543349085
0.005250855334173043
0.008764837288089234
0.0032862031438795646
0.009162628214433094
0.0030815426700514805
0.00665324114826709
0.00029954549028734015
0.00013988802539581323
0.00022003610677669003
0.002201142253001088
0.000319261159181307
0.003357460763022158
0.00018445061727941133
0.000335566776203525
0.0006160520086684586
0.0004106295317253692
9.801463068222784e-05
0.0004854153232015161
0.0002351742340834124
0.00028569308293793365
0.00016169184291738213
8.4178912029821e-05
0.00027877480972535683
0.0003089340210409683
2.755496959237253e-05
0.0005604097781936783
0.0002797731962404544
1.566918379975515e-05
1.6842718144453486e-05
0.00027694109350534746
0.00027868488324454013
0.0003332682625602364
0.00036184385861353616
6.741379352841871e-05
0.0006434279626821496
0.0010921287218136455
0.003786343856861634
0.0005683969067364778
5.1159991105364875e-05
5.202032113525733e-05
0.00030210730585807495
3.901953730188721e-05
6.69403537628284e-05
0.0020890907537753356
0.00013673559954618405
0.000324448831258205
0.00013037760461513098
0.000305603503812785
4.0073229721638624e-05
2.7477158850962584e-05
7.674640187028474e-05
3.3540136980204083e-06
6.423713804111375e-05
0.0005680370986862153
0.0005468745576277364
4.683398892770602e-05
1.535678649981455e-05
3.873334179076232e-05
0.0002744214767592868
9.811996863921005e-06
6.936335530586432e-06
