0.08433634166294376
0.07596871086148894
0.059840849206680514
0.04882038135702934
0.04412068080924513
0.02150669498290373
0.013998040596384417
0.006926901732542857
0.009881833066026977
0.008708989893434764
0.008973723768880214
0.009891996345785515
0.009238232539446348
0.007689090642564238
0.008533384677691836
0.008593600398958437
0.01467876404835421
0.008832904430547548
0.008791842774558637
0.01139215133209236
0.00679025552106148
0.007317604549627431
0.007082358095815255
0.009191688943013601
0.007973983107073509
0.009159829956494597
0.009334010065808192
0.00787820173956939
0.007545142564521383
0.006911062632611756
0.011165685948354234
0.009038796643101917
0.00939599780762851
0.008486952963733483
0.014322258700602669
0.009659672998622451
0.014916981308438217
0.008920038676344891
0.012081477231146427
0.010144909457057883
0.00700005386678456
0.007744481857430892
0.005420431867437618
0.005978940686318511
0.006291025086882071
0.007533567201435579
0.009012461830675982
0.00648211925787591
0.00792088444074936
0.007013967663847016
0.007177335795200501
0.005170051470475196
0.005242434411881458
0.0047586796814404675
0.004369214932286187
0.0040077334289539
0.006445009846558728
0.008594696037562204
0.006680384111054432
0.0039210944181866025
0.004686603625450298
0.005053091556409766
0.0037691334558564173
0.006820207284141817
0.003966096801539152
0.005441396859027016
0.005184010205287072
0.004975853159346998
0.004316019402194829
0.004008175488131012
0.004768492550513245
0.004302166748957099
0.005591872216073693
0.0058036403657001955
0.0035513707632796945
0.0033877318971681472
0.0037423925968051836
0.003258737175619751
0.0032981642985100736
0.0018714589461560473
0.003552948662678142
0.0026455759616070785
0.003347111736576627
0.0021961903631681342
0.002155891551975864
0.0042924686607369094
0.005142328315510788
0.0037170966908068683
0.0031704480627101606
0.002615981640645309
0.0017716106275076614
0.0020169229130574257
0.0010626661631538009
0.0010133956293551095
0.0008462987624228338
0.0028429439457373262
0.004622639114270862
0.002014456756161414
0.002930669246615739
0.004855135345314828
0.0037505403950762388
0.0025485603576370966
0.004509170797402409
0.00211799190809608
0.0013680035164234023
0.0009271626978209028
0.00141238693717247
0.0014128096627748841
0.0008100996825697628
0.0022453585118378536
0.0005359138948539357
0.001364446942496484
0.001320626848939282
0.0019395210732033698
0.0007092426340868568
0.0014851137065368188
0.0005661737229833558
0.0006009979096715706
0.0002917535917332465
0.001135427492971727
0.0008898208219835742
0.0011329137077614028
0.000499960407742535
0.0008885036358044401
0.0006105754136816442
0.00015726196880409092
0.0010778170958761694
0.001829907267375411
0.0012943613976125004
0.001162797141752174
0.0009574703912720743
0.0007015759957908856
0.0010695065189027422
0.0006134651778358796
0.0012537092386720097
0.0005160549222521783
0.0005453238709045742
0.0008415086014996517
0.0003082048998611459
0.0007272819742445277
0.0011322567617212068
0.0023130190706327036
0.0035529784973770536
0.0026076982663630144
0.00356424039520565
0.0020768829943671233
0.002045838481239672
0.0017437324355272842
0.0032694424201249296
0.002700434842078226
0.002980612027427016
0.002040671092408904
0.001205639305745039
0.0014645670917121433
0.00291228373451417
0.003231043841776532
0.003078246881511908
0.0015034781016849549
0.0013353150557057659
0.0013169680778598038
3.900175904132073e-05
0.0010695601590720492
0.0004092705908355462
0.00038127636921885026
0.003301929741704168
0.0019616931631505265
0.0008326295231032824
0.0029714027652834453
0.0018972003944749721
0.0018109826545487117
0.00025353263461946846
0.00014728706030011827
0.0013562688739584996
0.0012997865144191837
0.0009503560544251103
0.0008728545546573394
0.0019356098174103029
0.0014369870343498177
0.0008551071372544253
0.000715478662826365
0.0002317049160621831
0.0008870264818713865
0.0011086954708667942
0.0005833105033223657
0.0017651500352470378
0.0006556801987752916
0.0008161961379293997
2.3894467415896954e-05
0.00014033879911056927
0.0006004234684008415
0.00029354376063777955
0.000863212097628634
0.0006658073149069511
5.939479268416112e-05
0.002924693671655237
0.0044435351417275865
0.0029650802659807944
0.0007497620464782926
0.0009550883509767792
0.0004247297051309064
0.003061483550390176
0.0018903904615730663
0.001532363571909632
0.0004245410405752228
0.0019876073595277333
0.0010245402061593947
0.0016298902054786121
0.000800064940841907
0.0009964784469526898
0.0014694899307455163
0.0018313194916661903
0.0011990791742103942
0.005038951526560156
0.005303298519854223
0.0012363637302129046
6.701268838174515e-05
0.001781730954392905
0.0018163675425753565
0.0018485999534877064
0.0024314554387647935
0.00383828042744267
0.002503023764365623
0.0012519413874780385
0.0008553831089993783
0.006097504108666543
0.0038991882468038157
0.0010347480213877566
0.002479565601683549
0.0034038801493765643
0.0013954816485452302
0.0018096200030645315
0.0008271555676415534
0.0017745824222718605
0.002432903183395336
0.0014322659035407377
0.00020732142089751143
0.0018538203992003628
0.0007576834626351633
0.0016870055080014
0.00026402127184762235
0.0014700372875142925
0.0007996064471324323
0.0008052242606111517
0.0026837677898884495
0.004394015379536966
0.0032413903955902474
0.001761118302275862
0.0018920925732433531
0.0007535924722628427
0.0006557229109683167
0.0005872318000399756
0.00017720934882799717
6.396159646553673e-05
0.0005790728451863589
0.001118123806715356
5.81409659820546e-05
0.0007962682688698501
0.0013940967571838294
0.00253246598655255
0.0005522192731358923
0.00034210629215080654
0.0002766101360405151
0.0020379588705738837
0.006276998243701781
0.005210972058481998
0.0011693519283059361
0.007716850744923483
0.002100774909039593
0.002149552319216214
0.00037505930390743444
0.0010961244207341365
0.0013275742503805637
0.0019680708456442817
0.0027377578008580057
0.012625070823016197
0.011737123647082801
0.004774963664748332
0.007806518883515227
0.0010133688030975055
0.001969238456983519
0.005502138154693767
0.002381066283832371
0.0005848448188708839
0.003178102584533993
0.00012805908262665736
0.00012372909124509513
0.0008577116099606401
0.0021333966145314193
0.0011582640217289804
0.0001713893631851173
0.004952351839097315
0.003692483879347584
0.0020369424974393978
0.00016915524277311508
0.0008188561552493757
0.0007732137599542556
0.0018293509650035979
0.0006095788092434992
0.002602352017579656
0.0005620556740569885
0.0005068224512061387
0.00040766808712850675
0.0011304477874172006
0.0030748949302231575
0.002968566834198866
0.003812496363506219
0.0016263749030075436
0.009992561945791444
0.004730941660368907
0.0009867271792682907
0.0038189684299467894
0.0014060369682131761
0.0019299199007171205
0.0015115627908243163
0.0003574589877658094
0.002279558044453092
0.0004891976864303284
0.0006544802973184507
0.0019971658701208143
0.006838852547763457
0.0012372941152018761
0.0008152146553372608
0.00022147921618668128
0.0017639635250171813
0.006106783440367967
0.0009805252175522292
0.001460191425403738
0.0021015477739386077
0.0016062110503951837
0.00162256664594067
0.001583664937576145
0.0006737862710826162
0.006792928298643318
0.006611217391739408
0.0024865678398160495
0.004914033154068226
0.0036119377839606316
0.0027491164724260607
0.0007109985073832455
0.003669092298713938
0.008796914102158606
0.006329179690574528
0.00031214448235230744
0.0006049595402506861
0.0012525078617752871
0.002723953510665077
0.0021282601191554124
0.004885833831658519
0.003959484893895939
0.0027986661878121465
0.002041949032316997
0.001893046177843615
0.002806356637842438
0.0014281114814389921
0.0006826728283518961
0.0026106794490703203
0.004605726121570295
0.001563041624946426
0.0021032624304852853
0.001006305300451687
0.007646805984128474
0.009188656189321728
0.004751352841528837
0.004525310388166759
0.0063651875115098315
0.0012227213664867782
0.0020652485237654204
0.004138989629976829
0.0024464685212066063
0.008824825951000932
0.005393931610953687
0.0029864901093006367
0.000604189005542679
3.390722691073843e-05
0.0033019025090420947
0.006434488990842223
0.003476524368935149
0.006589101350535038
0.004515211548771992
0.001362607316448092
0.0009177410239098842
5.390523066679776e-05
0.0019966210430245267
3.0043354086401252e-05
0.00036807064506941256
0.003540029207889944
0.004424180720218577
0.0011867655644114618
0.0010057125570111778
0.0008228105640418406
0.0019755178431473093
0.0003134895752931734
0.0003964832688152189
0.00811115613681273
0.00023930110371861855
7.4420208036048e-05
0.004008511011438388
0.0007173706485738368
0.004096221600420439
0.0012032128767547276
6.51580642602053e-05
0.0001735590892896817
0.0001789352819933161
0.0012255896956413236
0.0003705578301285232
0.0002542992191252544
0.0006001138597065069
6.225213207070873e-05
7.002268214712419e-05
0.0016174155311316704
0.0011276454373831013
0.00036583449624134434
0.0003003239995371486
9.520146788594135e-05
0.000293364971986263
0.00040640804947644467
0.0020136439555465094
0.0008327734627018877
0.007726228872760897
0.006840090131472891
0.002447311163750708
0.0011479237555953835
0.0019003327713654158
0.00044131964365978066
0.0032388689117724997
0.000722560839228601
0.001381496388946704
0.00022728222081677584
0.004259904926010215
0.0013699605367794192
0.0022599077506735518
0.0005338833835073035
0.0023092782314260056
0.006345131720430339
0.00014752456284795136
0.001414557082893831
0.007294119925741549
0.003258159034630039
0.00019070791396124217
0.004100788543489546
0.005708708512408086
0.0019343570892017823
0.0010693067441493549
0.00731729266862473
0.0004500658161524452
2.7936367805162915e-05
0.00017860428351886603
2.333330064909952e-05
0.0007866298962152885
0.0019177896260821493
0.0008012015998874279
0.00042743558928151875
2.652854556105732e-05
0.004209807223019476
0.0004931493449971144
0.0019556550231371096
0.0005383212665925224
0.0008350629662845584
0.0003226625156689181
0.0003322191437036126
0.0004519434368898701
4.092478380388117e-05
2.6854194701405925e-05
0.00011960048575672084
0.0004174060860338241
4.6303099077248705e-05
0.0003090373134451178
1.0836185398779517e-05
0.0008424146097893197
0.00011696446559256438
0.0006569955621075049
0.00019796416650986435
7.830563063603936e-05
0.0005592676403446767
2.046935822991175e-05
0.0001237612907465031
3.513740987164787e-05
0.00010481760921586409
0.00048415878710184393
0.00036702292301222844
5.1292254684631535e-05
0.0004141636416136572
0.011052347456456182
0.013126644661633356
0.02882046229410202
0.01702348847097517
0.0018210352951979903
0.0008551190067143619
0.002726360163629079
0.005080109575883262
0.0031462289858254187
0.000761459693584676
0.0016428013542951294
0.0002869815845437429
0.00018399771392027994
0.0005196263747044676
0.002160401968909723
0.001693062094689934
0.0013647125121418306
0.00019382358939548208
0.0029883933444749154
0.0014550658240343965
0.004234347996378482
0.00034326761501615326
0.0016358374339404682
0.0005192632468203705
2.6725038377589476e-05
0.001729579957102327
0.0018954162283843585
0.002005684836737497
0.0005337848160073468
0.001331700831250821
0.0016222524583094145
0.0015747333487213914
0.0018089692011420016
0.0028201911042583802
5.441940511379945e-05
0.0016321781552648298
0.0023065671488485115
5.232415830057316e-05
0.001250875214102593
7.846602093224322e-05
0.002520230009657375
0.00011627878993026066
3.49097695486168e-05
0.0013211983952549021
0.002284717994818663
0.0005731468285838714
2.5689649320658494e-05
0.002178089423916112
0.006691171069190119
0.0015279435236115445
0.0005712301615549265
0.006952461401719086
0.002878484355814842
0.0017127767986357945
0.0009134143922336664
0.00020897642476739453
0.0015162864730284224
4.7471330418050126e-05
0.004657900869339264
0.0006933568784381024
3.6270635239143585e-05
0.0016464849277868995
0.0007036647702356704
0.005829526706564024
0.0018227014673439863
8.852390584404418e-05
0.0007270820861775273
0.0014024100935698116
0.002087597425324051
0.0019501792089870833
0.00013495663433130681
0.0005466069493070527
0.0003094889146427367
0.0014008159204531472
0.002532173065521836
0.0007137512189282205
0.0007138952489319613
0.00033543496950916296
0.0013868959462350978
4.156824280530562e-05
0.003617287102303285
0.0004646716940578355
0.0014360369204170114
0.009347151867154208
0.004296582039967272
0.0008310444065692506
0.0004968948899470718
0.0005010442791246893
0.0025137655563442934
0.0018537063593017534
0.00010866367590752818
0.00029711956619967334
0.001716917576266076
0.00534063839737974
0.0026983717597886428
0.0001721591972347332
1.112784301152852e-05
0.00029663962697595126
0.0077246259660874155
0.0010552779982833471
6.660130503731222e-05
0.0005095631334915502
3.3763583157938044e-05
0.0005867004563702305
0.0004612361315495488
1.7320050534981487e-05
0.00027490558802673027
0.0016084468498086043
0.00011298200379694106
0.00042079816623007236
9.546335973752715e-05
5.25415199143712e-05
7.674846687455526e-05
0.0002795304067492098
8.958805894911547e-05
0.0008044360334143317
0.002880874008605529
0.0050779167808595845
0.0015455667812582319
0.0122770469390301
0.006514634488855516
0.002130322147729741
3.598777574037814e-05
0.00012263961777561359
0.0008124278607155594
0.003326504453318266
0.00194816960613847
0.0030690220503177415
0.0037035970170760132
0.0036435085906650934
0.000148077591461937
9.520667831518117e-06
0.00018696793135101328
1.3937040180980846e-05
0.0021208913633168187
0.007730237100886548
0.0006749784718851246
0.0007401856345946296
0.009075388538042172
0.002132617184697324
0.0040027560919712645
0.000990809182804302
0.00302445854906417
0.0005637638989687128
4.8569835124928184e-05
0.0007562536695883625
1.379634016296273e-05
0.00039798042156903915
2.097421530253443e-05
0.00026580780832780065
4.1011080887119015e-05
5.184566415498066e-06
0.0005856832386643987
0.0008734292855802505
0.00030703348974480934
0.00033876698747748244
0.0003098827626271653
1.6965635302858837e-05
0.0005175875080336933
0.00027639969139597306
0.0002541572471918096
0.00026227560316000167
0.0002577145017853807
0.00014391445989048944
0.0005617429682570477
0.0002632680880424839
0.0005134420077809314
0.0005067635425450381
2.053156642636694e-05
0.00010192649848325202
0.0002756122431042531
1.1412092929435599e-05
6.804074789978241e-06
1.886547192640823e-05
0.00027820967239913736
1.1336770905377553e-05
0.0005362342145517858
5.533727979742879e-05
0.0004850213186440212
2.2916774361923866e-05
1.4594572008466182e-05
2.1429783225236475e-05
0.0007342215944066704
6.519581764325895e-05
2.5726340044921527e-06
1.0785109743944085e-05
1.102628078755295e-06
3.937701085685878e-05
4.011329796181118e-05
0.0003050080759229822
0.0003105033294284017
0.0005081763372015537
0.0003755772216830271
2.6947526301274732e-05
4.350651956840849e-05
0.0003640018985863553
0.0005374114230264029
0.00037734570100893863
0.0002788588612928703
0.0003048880378174134
0.00703771571914292
0.0003446148971913823
0.0004049442356947527
0.0005373284892190062
0.00017001111095846854
0.004347502308572114
0.0010785377657194632
0.0003676159470322632
6.639007952182883e-05
0.000582860775331237
0.005063046736811236
0.0012125483106472617
0.0003485009081670554
0.0003113335654974482
0.0005182313142116513
0.007910500085108126
0.0010043474978457415
0.0004885635948941048
4.704823884113614e-05
2.0822732447669077e-05
0.00023520521643937434
0.00042440898464570463
5.906324237223277e-05
0.0005117863699253257
0.00012445180486429842
1.2232688388051017e-05
0.0002683099606878838
0.0006068553000842439
0.00038952654562602094
0.0013389360117238695
0.001945304125002333
0.002368672103106432
0.004806280339582825
0.0024962118945444493
0.00035634127814917327
3.689490393328661e-05
0.0003040177671779286
0.003836912193175862
0.0020818337253348204
0.008330030052139262
0.0002769050498039068
0.0005179222875220545
3.7745225620306474e-05
0.0015648367333322712
0.00014307623784846514
0.0034243554402958046
0.001770518140316333
0.003823799817962575
0.00030662119278007666
0.0017843913784451443
0.0020940234429205206
0.00039232286378413094
1.3443907800301292e-05
1.807071770848816e-05
3.9901974502392453e-05
0.0020449720857217578
0.00064865965148494
7.290526941735273e-06
2.6183458647531483e-05
0.0005428171214083334
0.0013516692922361912
0.002400846069801735
0.0011519401419820194
0.0024280202101875973
0.0013367136442703966
0.00032781251407712085
0.0002764282735082163
2.9169669533022202e-05
2.2560107610099523e-05
0.00017617575731862083
0.0014085958266843244
0.0014279527123281833
0.0003746467104866788
0.0018595599287885775
0.0007402041379581057
0.006738464339732688
0.004034740858729766
0.02385859931904023
0.002698607907315746
0.00017313467458985216
0.002556105193195305
0.0010638174918544332
0.003982441712785412
0.00037567701895416765
0.001488062449791113
0.0002714813945715269
0.0010461772137029634
0.00030526368307897783
0.0002728482888596952
0.0006606365000313174
0.00040828657252794606
6.0522743832033796e-05
0.0003842842040305953
3.66654899790977e-06
0.0002860361204586823
0.0006935784588194254
0.0006304168716571972
8.140030027147879e-06
0.0002718204664699122
0.0002641894266853002
0.00025852523900889754
0.0002709812185736628
0.00031961724771297997
0.0005101101207804136
1.547582489529393e-05
3.772101833978211e-05
0.00026286651358786516
5.972381673384454e-06
2.3637504378555558e-05
1.8547105948145538e-05
0.00011105358334733495
0.00018650043640558206
0.000273146529107802
0.0002496535294842096
0.00027609215795959226
1.1544246106511147e-05
9.714588508267994e-06
0.000499829731894094
0.00022846287692095536
2.3673157702918627e-05
0.0004808767032315012
0.000529966635027282
0.0002691899803757989
0.00044781241935920417
0.0002754628080844121
0.00025941311558843623
0.0005159536682522693
0.00026580788156964303
2.4190232608956447e-05
0.0002957736206170165
0.0002612613775614219
0.000259420608464752
5.041356080312338e-06
3.7766796264122664e-06
0.0005151337128557004
1.40204038298726e-05
0.0002563560773345699
6.979888945152053e-06
0.00024961230738124347
5.118021809681454e-06
0.0002572872007430536
0.00024421014324846693
8.740191131858163e-06
1.301279713914074e-05
0.00021527148886194738
0.0002898799383690205
0.0006494169074872199
0.00011431682319847272
0.00026553972909656705
0.00027728876204702194
2.7562622030610056e-05
0.006167504385094808
0.00024295374373063214
3.577099357283758e-05
0.00026964509685218203
0.0004597711684868711
2.1856854554983924e-05
0.00016531420341693798
0.00040503083271122047
0.00999662788471147
0.00265670743284716
0.004200212265727083
0.008359441782270416
0.011684444937608843
0.003207740269477465
0.00044560228213737284
0.0015454134430540139
0.008759998630798214
0.0036685505616683633
0.00031444769288347036
0.0008176440655081914
0.0003017186766506228
0.0013680834363265736
0.00032369674909404726
0.0002653095117072173
0.0004833280120084202
0.0021434407176808136
0.00024401800263842226
0.00039999572768103375
0.00037725409001079633
0.00031000629047498205
0.00027422131233120306
0.0006489728999990107
0.0008403165531636997
0.0034108011966310914
0.0001770825568184725
6.264672147978676e-05
0.0042845986556993634
0.0014970984052372297
0.001157659491983478
0.00239589321460811
0.000553779339644549
0.000782996910127403
9.510823032777259e-05
0.000799979861095965
0.0015791917086222615
0.00016429514828031913
0.0003177718843051283
0.0008583833104571238
0.0012325340447753529
0.007701872436689289
0.003754431484334573
0.008450823080444805
0.0021288663406366396
9.595967190803051e-05
2.5131750122520167e-05
6.783335227487917e-06
0.0003343411751407961
3.337013821056779e-05
0.00028521037916557035
0.0004006035196516703
0.00026420239816648736
2.8294309064879297e-05
8.142415394283696e-06
8.893821138279432e-06
0.0005633471083681837
1.0149804166924256e-05
1.6399124618381817e-05
4.869274998468404e-06
0.00589489863520361
0.0017468967688867227
0.0003714300496182021
0.00023732847263315698
3.0014973699485567e-05
4.261231616639165e-06
2.5580485670949047e-05
0.00045467842888938194
2.2936653755894792e-05
0.0005389816046617839
2.6942833945014462e-05
0.0005320874675035814
0.0002616866678283845
1.6997465120563622e-05
1.976325060722879e-05
0.00027656080909285464
8.647698547957572e-06
1.0131135305334665e-05
5.318433942206956e-06
0.0002425473617849115
1.4600052984740299e-05
0.00028012526704694905
0.0002733130481124876
0.00038951679234697093
0.0006878093366465112
0.0005533364454363581
3.612214533112109e-05
0.0002637195153482678
3.206189428537863e-06
0.00027019566252453045
0.00026599835182675413
0.0005072467429422365
0.0002600474086722695
0.0002569582015197628
1.7073059214022216e-05
0.0002661804863574982
0.000258289559366231
3.444681383703633e-05
1.677773300832531e-05
0.00025643311738959856
0.0002604254913770724
0.00025938655635705327
9.316307764163182e-06
0.0002593368238646548
0.0002456623095847915
6.924051936047518e-06
0.0002590276307832666
0.0002513602452672719
4.12275829559823e-06
0.0004839640674115518
0.00025312300914483355
0.0002677321324057985
1.6740072655612977e-05
1.3925307696074013e-06
0.0002518475377865325
2.0666860808993525e-05
5.7189949840204933e-05
0.0008308386759684615
0.00045050933314328236
0.0002604538100767721
0.00016135339743982734
8.107859619745811e-05
4.137624601199437e-06
0.0002135640635192116
0.00016752339735854233
0.00043069757830900524
0.0004377196980527554
5.454038389779888e-05
0.0001230427671800421
0.0008475256186448227
0.010250277660191367
0.0035889769785031112
0.0025680028126281495
0.005195098274733853
0.0043908099668138025
0.015934861858604394
0.013569307321807904
0.0028602568525618144
0.005392735569240763
0.0003490647959991067
0.0011759562242955335
1.792543595740738e-05
5.113282423505597e-05
0.00029145831245200245
0.01089876712704796
0.001058232802401831
0.00012714156162685537
0.0005215134593760344
8.188771802408413e-05
0.0004345642651340291
0.00022777682755120335
0.0006695573823311594
0.0019629004287610354
5.497516986026472e-05
0.001600764634512386
0.000332591719334253
2.8717004264637163e-05
0.00026545521215871616
2.362248593396065e-05
2.5794040689067503e-05
